1: 12 13 80 100 101 238 263 299 454 530 616 642 741 762 819 853 871 916 958 963
2: 107 155 294 345 458 926 948
3: 55 191 206 673 680 710
4: 71 110 371 897
5: 33 38 43 62 72 92 163 241 306 330 346 416 426 436 486 509 591 599 908 912
6: 146 183 338 350 447 451 462 494 554 648 720 745 841 885 954 977
7: 9 97 275 434 561 577 627 683 711
8: 105 128 142 288 298 394 402 523 575 592 610 614 702 765 804 818 840 877 902 985
9: 18 60 63 206 435 546 711 813 864
10: 201 247 300 324 327 350 352 507 532 613 697 717 822 836 839 844 888 936
11: 57 177 431 467 548 650 654 728 765 817 821 838 897
12: 111 153 370 597 789 825 851 876 927
13: 235 340 346 365 507 524 534 559 652 747 765 771 780 815 887 965 978
14: 197 374 432 515 679 777 880 979 986
15: 243 324 656
16: 209 241 433 522 542 560 745 753 839
17: 160 552 854 915
18: 11 36 74 87 267 363 371 416 471 513 525 574 581 629 704 731 787 840 872 985
19: 12 22 64 214 411 459 519 773 823 868
20: 24 234 303 333 503 514 548 555 578 623 729 741 758 843 847 868 899 924 966 994
21: 53 92 201 220 232 333 457 569 585 592 594 622 682 748 767 857 873 929 984
22: 257 314 405 494 532 603 615 662 712 715 727 753 979
23: 9 139 202 366 381 598 607 712 778 784 809 943 974
24: 25 103 135 139 187 224 291 329 370 405 615 636 666 682 758 795 830 878
25: 249 271 313 380 429 439 449 480 524 536 539 555 724 755 896 916
26: 24 86 321 582 619 825 861 997
27: 26 170 211 289 298 341 394 397 439 453 502 537 619 740 780 843 864 907 920
28: 522 756 762 796
29: 56 78 81 97 116 197 215 430 438 556 559 655 661 665 690 745 789
30: 5 20 41 43 113 269 830 834 851 859
31: 52 53 89 94 219 359 431 446 453 506 511 562 824 871 998
32: 107 132 139 146 153 204 214 360 366 379 435 473 486 620 682 732 811 903
33: 5 27 44 129 273 328 334 421 435 453 537 552 579 631 695 932 938 964
34: 5 97 286 349 424 446 466 489 513 593 649 699 854 925 947 974 991
35: 28 58 67 120 199 218 269 370 491 540 771 813 877 924
36: 510 692 773 924
37: 13 87 225 409 462 480 510 582 712 715 893 939 962
38: 53 185 275 395 482 612 645 745 821 880 911
39: 26 28 88 116 302 323 329 354 388 422 675 848 945
40: 111 236 277 375 392 396 487 569 570 805 882 891 902
41: 35 169 198 414 491 571 665 760
42: 8 46 97 220 227 308 373 390 398 435 505 558 675 683 736 782 846 885 955
43: 296 777 932
44: 22 94 174 177 326 383 389 502 510 563 789 821
45: 20 61 66 94 122 150 535 655 687 696 775
46: 168 201 332 465 472 496 531 545 600 631 634 641 739 757 946 951
47: 35 36 163 326 332 340 394 439 591 698 721 802 807 809 853 872 946
48: 136 239 340 441 488 525 561 607 787 845 905
49: 36 45 215 294 464 593 609 727 928 939 973
50: 29 85 109 128 180 209 230 237 304 431 435 523 609 718
51: 176 404 434 586 657
52: 193 251 342 355 413 446 545 546 562 598 678 683 777 845 861 881 907 918
53: 45 66 75 116 175 336 342 355 371 374 631 726 834 913
54: 13 41 156 212 342 394 532 625 678 718 950
55: 235 476 553 768
56: 9 66 173 181 349 356 477 541 703 742 857 929
57: 133 247 546 696 790 803
58: 8 60 96 154 192 195 230 247 248 288 353 366 478 514 578 706 757 850 859
59: 140 339 503 758 928
60: 8 140 286 294 315 487 497 549 586 657 720 796 826 896
61: 109 212 328 355 361 554 609 671 821 843
62: 11 103 156 181 216 238 351 452 501 506 526 554 599 840 875
63: 86 95 97 146 186 293 322 439 510 590 591 707 733 784 814 911
64: 37 134 237 302 382 512 550 622 816 874 887 890 1000
65: 120 169 197 217 252 283 321 395 424 443 453 493 552 740 894 932 942 957 971 977
66: 71 628 782
67: 36 41 155 206 218 242 269 271 332 378 441 481 503 785 796 819 916
68: 107 172 678 709 773 792 838 904 924
69: 8 25 58 186 277 397 413 468 561 583 593 648 716 762 766 895 944 954 958 970
70: 54 140 221 458 514 589 801 814 825
71: 117 131 225 335 401 417 427 556 609 664 701 751 792 823 910 940
72: 15 127 357 437 527 583 595 636 663 750 776 851 860 875
73: 213 219 223 245 295 365 368 370 439 446 533 556 636 655 727 828 904 955 998
74: 23 139 203 254 291 352 444 559 565 572 622 667 672 733 768 788 790 796 987
75: 26 108 443
76: 52 60 116 129 174 204 273 473 488 772 847 957 999
77: 51 88 154 300 326 342 351 392 444 485 894
78: 162 386 397 696 786 800 811 871 951
79: 21 129 155 236 257 272 292 342 392 408 527 532 597 603 776 799 949 992
80: 90 109 125 155 158 176 213 230 247 315 323 384 490 524 550 661 677 797 811 821
81: 222 228 262 337 444 581 636 704 724 797 812 851
82: 13 63 71 92 171 446 586 676 768 808 879
83: 32 413 419 521 684 954
84: 72 148 254 289 422 458 492 588 596 740 871 887 894 908
85: 117 132 231 268 302 381 467 573 645 667 698 747 756 854 980 984
86: 518 735 951
87: 53 54 121 259 303 385 448 588 645 652 702 749 792 820 897 903 944 994
88: 78 105 163 312 392 651 796 842 895 897 905 928 931 938
89: 162 202 308 318 361 383 416 454 491 505 508 565 601 773 794 816 912 923 949
90: 16 225 351 479 540 594 609 673 735 767 820
91: 106 190 274 338 481 598 638 713 771 790 800 837 904 927
92: 287 617 799 869 920
93: 71 165 259 294 458 481 535 686 819 929 930
94: 37 57 98 205 296 359 459 759 795
95: 44 314 439 573 753 859
96: 86 119 149 290 291 296 401 422 429 478 653 667 678 731 787 930 933 964 997
97: 38 39 101 202 231 360 364 374 375 413 464 526 640 747 839 845 877 896
98: 103 227 315 349 599 688 831 856 921 939
99: 14 229 281 308 330 339 581 660 753 896
100: 329 363 372 718 995 998
101: 161 207 272 375 470 483 493 503 531 615 751 859 892 957 973
102: 230 372 495 501 800 850
103: 426 737 799 810 824 965
104: 33 35 355 370 469 582 644 710 824 928 969
105: 27 109 130 167 287 310 319 422 452 479 494 623 630 772 872 904 942 988
106: 20 101 109 148 362 508 568 570 578 599 602 642 681 763 887
107: 9 21 188 222 299 313 328 386 429 489 512 522 565 632 695 750 862 873 897
108: 24 36 121 141 167 405 483 540 636 648 684 731 832 845 948 982
109: 34 37 49 62 69 78 176 269 300 311 321 351 586 634 639 693 717 934 965 992
110: 61 74 134 202 203 278 347 354 358 534 654 692 697 706 963
111: 48 50 176 300 493 664 757 788 926 938 940 949 974
112: 133 174 305 441 487 491 638 659 754 920 965
113: 27 258 268 294 361 466 649 660 705 726 730 737 822 857 872 876
114: 206 253 624 637 715 811 828 854
115: 108 182 193 261 278 340 356 394 508 524 595 597 636 681 739 746 795 904 924
116: 91 158 165 230 241 249 254 313 335 404 432 486 488 515 576 633 749 904
117: 494 601 702 772 849
118: 53 170 602 658 716 805 997
119: 101 104 206 290 291 298 352 414 441 616 711 714 717
120: 117 142 236 268 376 402 426 439 444 464 576 637 639 695 702
121: 408 512 815
122: 180 197 223 365 407 435 478 505 510 693 775 777 778 921
123: 61 96 108 182 190 194 241 319 329 370 465 482 561 639 797 888 906 930 979
124: 56 84 126 167 199 220 304 308 345 366 459 497 499 623 641 646 680 682 994
125: 42 91 136 142 220 235 252 356 409 418 505 542 627 903 968
126: 225 505 778 880
127: 304 392 420 497 665 736 874
128: 1 121 429 783 800 813 935
129: 68 140 149 235 331 358 392 536 676 749 870
130: 46 175 213 223 287 461 551 670 735 741 973
131: 239 332 422 440 479 551 615 620 758 861 890 933 972
132: 73 142 145 381 427 448 508 569 780 990
133: 172 191 249 294 306 429 519 543 766 807
134: 82 249 381 423 511 578 825 845 894 908 932 965 972
135: 211 624 763 764
136: 12 22 53 92 95 109 122 207 277 318 325 365 412 676 682 686 790 870 969
137: 15 42 77 79 124 155 244 248 256 362 433 462 502 517 625 779 885 895 987
138: 21 110 124 130 209 244 263 320 324 325 358 362 577 928 940 941
139: 14 62 290 305 332 363 403 436 472 590 670 683 715 853 903 944
140: 435 760 970
141: 82 106 200 329 331 362 474 613 682 853 979
142: 104 179 252 374 395 516 522 627 748
143: 82 283 471 647
144: 221 239 398 451 458 630 761 868 904 962
145: 27 112 253 386 487 619 804
146: 27 215 218 333 572 616 748
147: 298 505 774
148: 13 129 344 447 861 915 988
149: 37 51 59 66 394 523 596 618 643 667 698 810 933 955
150: 81 211 314 320 752 824
151: 3 35 112 253 352 460 602 603 673 674 709 742 805 826 942 975
152: 61 360 442 570 648 660 801 846
153: 55 197 203 221 364 366 372 375 433 462 529 538 609 717 797 810 844 882 907
154: 15 97 251 255 282 348 359 426 532 579 646 661 688 690 710 819 934 997
155: 36 115 222 279 390 422 444 636 644 672 728 748 825 854 931 950
156: 11 111 166 302 345 390 493 518 525 591 615 632 720 772 786 865 906 913
157: 39 54 164 290 815
158: 45 150 279 370 387 608 805 840 980
159: 72 85 103 253 285 302 325 453 464 470 520 599 633 654 854 866 905 918 966
160: 147 302 549 563 640 677 847 951
161: 4 173 981
162: 288 374 406 570 579 743 761
163: 47 94 175 267 312 418 432 574 607 826 868
164: 37 119 121 165 184 248 263 304 406 630 745 756 776 802 823 825 901 954 979
165: 41 50 289 381 519 705 716 749 808 945 948 998
166: 16 170 347 396 510 650 659
167: 11 30 181 277 341 352 355 358 377 380 388 460 475 496 577 707 719 740 781 917
168: 95 153 343 406
169: 30 87 91 273 339 347 443 497 505 594 651 660 738 751 782 823 829 859 862
170: 93 663 707 726 845
171: 49 153 166 176 205 236 260 427 619 703 737 803 847 903 986
172: 247 264 346 464 609 711 788 806
173: 218 249 486 596 609 620 635 638 792
174: 74 232 384 395 547 603 607 895 922
175: 93 421 585 899 917 924 932
176: 387 826 959
177: 214 401 443 713 793 872 879 899 937 963
178: 92 123 150 219 290 412 461 571 903
179: 7 20 141 162 184 231 309 330 397 421 430 552 595 635 663 681 682 713 912 967
180: 31 88 124 232 275 283 347 706 737 777 945 953
181: 123 125 252 340 356 371 395 402 456 598 737 786 852 902 988
182: 358 484 533 583 630 666 741 975 979
183: 22 40 75 91 106 109 259 425 470 530 568 596 833 870 965 986
184: 89 419 598 640 651 688 761
185: 36 86 161 169 224 317 342 423 818 821 888 908 919
186: 24 57 132 232 300 367 396 465 476 725 741 812 821
187: 21 217 363 438 499 633 646 709 741 836 895 964
188: 64 66 68 214 223 416 509 531 705 786 818 829 889
189: 79 167 334 480 922
190: 3 482 501 592 647 716 718 766 776 816 818 900
191: 47 185 371 517 622 625 712 931 940 984
192: 113 172 286 322 331 357 384 418 454 749 791 844 959 968
193: 189 222 620 632 747 763
194: 93 183 228 280 325 369 372 474 492 535 690 711 808 868 875
195: 21 53 100 101 123 131 149 209 219 308 312 392 415 464 498 502 569 679 719 791
196: 148 274 297 345 512 593 633 688 808 831 995
197: 213 220 240 257 302 366 401 438 444 502 517 526 551 590 653 704 748 833 932 938
198: 124 133 382 446 741 751 960
199: 65 123 138 163 169 233 404 436 453 538 593 656 725
200: 86 166 352 369 416 461 485 668 833
201: 81 259 263 365 539 548 579 700 703 801 821
202: 178 192 231 394 398 413 524 532 609 685 695 698 728 762 827 831 833 853
203: 34 495 497 544 663 822
204: 21 232 348 419 489 542 581 719 738 885 891 925 949
205: 47 84 88 90 150 253 298 409 430 573 623 649 695 717 796 889 963
206: 49 102 114 139 159 180 204 280 340 350 503 597 635 675 729 861 880 891 893
207: 70 140 184 195 245 273 295 296 333 402 411 457 571 645 733 761 776 856 866
208: 190 290 330 394 396 401 421 451 494 542 693 751 819 934 950
209: 129 218 295 393 429 789
210: 141 239 471 519 655 698 792 830 995
211: 95 135 164 216 347 427 525 553 601 670 730 822
212: 525 566 591 886 904 982
213: 19 312 487 540 730
214: 43 186 200 281 664 668 770 791 821 877
215: 68 150 206 219 272 395 417 455 507 602 643 672 682 707 777 788 792 805 939 996
216: 4 18 161 469 666 751 771 783 875 880
217: 122 285 301 576
218: 144 373 560 575 610 655 666 701 770 906 936 951 956 964 972
219: 84 162 200 244 292 355 394 404 409 528 577 683 760 941
220: 27 80 142 188 262 302 542 654 716 861 869 913 928 943
221: 9 38 496 620 663 872
222: 31 397 584 905 953
223: 120 245 252 375 397 401 543 568 631 640 788 926 946
224: 9 218 701 880 905 937
225: 37 114 445 501 576 833 909 950
226: 134 154 172 213 219 304 350 351 378 456 471 487 557 560 584 728 747 867
227: 464 531 568 771 856
228: 192 225 349 464 591 655 728 880 976
229: 69 522 833 990
230: 71 129 144 172 178 190 201 312 465 516 567 662 892 923 939 970
231: 14 113 121 199 224 233 254 304 397 414 444 467 496 537 549 644 662 811 967
232: 151 294 597 847
233: 9 89 156 326 662 843
234: 116 242 486
235: 33 91 211 241 243 251 294 387 462 618 848 888 903 993
236: 218 292 429 559 620 725 745 769
237: 12 22 58 181 226 286 382 403 442 535 555 619 668 767 881 902 964
238: 275 284 379 448 522 635 694 700 823 915
239: 2 153 243 252 272 344 482 512 554 562 598 604 683 747 863 918 940 948 980 990
240: 129 358 418 553 585 867
241: 77 122 129 344 401 503 521 601 851
242: 16 30 39 41 46 132 140 180 276 307 316 421 422 737 766 825 867 954 962
243: 52 171 192 228 273 323 401 413 432 497 562 563 724 875 890 927 951 980
244: 150 448 469 498 833 890
245: 164 702 755
246: 49 564 572 838 844 850
247: 114 170 176 383 395 580 585 587 637 707 730 884 895 932 955 968 970
248: 126 131 230 359 396 399 459 598 665 742
249: 233 335 452
250: 40 64 162 182 225 326 480 499 562 616 628 644 655 718 804 862 916 977
251: 72 104 386 461
252: 27 57 132 264 268 357 358 373 387 468 470 488 619 839
253: 29 111 223 356 396 412 493 506 523 559 612 630 718 739 795 807 821
254: 62 301 373 416 424 440 536 681 848 981
255: 297 618 710 770
256: 10 116 241 269 276 287 337 369 447 494 724 745 765 810 910 937
257: 51 160 252 430 606 620 815 845
258: 20 55 101 361 484 493 499 555 791 817 829 917
259: 63 100 180 206 342 349 421 547 646 711 927 999
260: 32 65 185 319 473 480 490 848 973
261: 43 103 169 242 314 339 355 464 501 578 615 662 702 870 980
262: 70 169 398 423 527 536 836
263: 44 80 94 137 283 401 413 414 433 461 483 798 839 856 991
264: 277 374 516 970
265: 20 194 280 336 349 359 405 848 921 990
266: 57 237 342 456 576 852 941
267: 22 72 132 205 345 397 413 570 588 653 802 866 902 946
268: 7 36 109 111 151 202 253 262 264 345 364 499 742 760 849 894 895 938
269: 25 200 334 387 470 472 516 843 930
270: 43 199 218 356 394 412 447 488 494 517 597 602 611 629 658 699 725 905 982
271: 17 101 148 171 221 474 602 791 886 917
272: 317 515 726 829
273: 10 16 69 118 284 363 601 630 676 870
274: 108 121 141 208 372 426 493 518 542 674 708 719 724 728 891 908
275: 149 203 212 270 286 311 382 395 460 500 557 583 665 713 832 846 885 944 971
276: 307 311 353 358 368 386 414 499 519 536 539 544 552 578 605 684 759 786 992 997
277: 12 81 133 146 155 166 238 312 341 415 430 456 634 678 725 779 807 938 944
278: 2 83 128 135 229 236 319 387 533 615 647 737 758 929 956 985
279: 52 61 72 205 250 293 344 360 642 649 655 667 705 726 924 927 972
280: 13 87 327 401 409 502 531 597 679 830 941
281: 47 57 89 91 187 333 423 526 593 640 693 957
282: 29 110 196 330 426 433 437 515 546 627 761 765 766
283: 44 171 298 538
284: 81 279 283 313 481 528 540 574 592 793 957
285: 11 189 193 221 335 365 477 587 686 697 749 884 936
286: 33 36 75 102 132 265 295 392 439 453 489 630 971
287: 24 34 257 483 493 495 864 880
288: 24 68 216 241 303 414 496 792 810 841 928
289: 6 76 206 408 483 567 763 765 786 788 833 846 849 872 899 915 934 943 944 969
290: 89 115 180 239 430 521 524 641 679
291: 38 135 433 434 488 594 611 646 697 953 956
292: 81 204 607 862 946
293: 24 194 327 631 718 729 840 875
294: 18 33 125 206 323 388 515 610 613 777 928 969
295: 12 65 109 193 343 464 482 552 667 706 730 742 762 763 795 808 812 834 868 998
296: 44 47 95 126 175 298 415 426 429 473 624 769 805 966
297: 36 60 159 319 325 353 467 562 601 711 802 879
298: 212 327 473 724 726 913 924 949
299: 37 82 146 179 214 280 289 417 476 504 514 625 656 689 703 798 803 927
300: 70 90 140 216 276 327 369 380 527 589 602 642 759 783 847 874 875 905 963 989
301: 3 76 80 95 201 280 315 345 474 504 632 640 710 751 760 824 867 886 910 924
302: 18 53 324 327 600 898
303: 239 354 361 363 420 509 633 768 807 874 914 951
304: 14 122 193 206 248 253 259 470 498 618 667 707 726 757 774 809 882 891 972
305: 216 226 229 321 424 550 581 717 746 862 977 987
306: 229 301 380 393 404 561 645 765 788
307: 7 30 175 241 246 353 390 432 486 566 624 660 662 667 706 920 941
308: 24 89 108 171 177 281 429 441 600 713 734 773 783 827 866 875 915 923 924 1000
309: 85 98 140 284 293 315 461 548 562 626 633 897
310: 63 224 262 270 393 572 591 596 687 717 746 757 801 838 843 957 965
311: 37 206 297 611 654 672 761 849
312: 24 43 423 459 485 574 638 954
313: 201 243 287 316 383 458 487 516 568 719 912 936 955 999
314: 17 114 466 496 497 504 510 630 682 690 694 848 884 907 941 977
315: 47 80 408 546 594 659 695 696 726 789 795 886 920 952 962 991
316: 5 38 48 74 111 148 337 463 532 545 611 685 735 761 768 786 834 867 905 957
317: 68 172 343 552 695 883
318: 48 70 76 101 182 184 354 432 479 483 505 552 563 734 849 926 948 961
319: 9 110 173 212 220 307 342 404 492 501 539 602 617 661 679 736 751 850
320: 17 33 106 396 405 431 499 542 666 688 747 754
321: 40 49 76 161 237 265 298 302 374 383 384 388 471 626 747 804 815 816 863
322: 7 46 257 310 469 474 556 591 592
323: 109 175 199 274 472 542 618 638 660 694 766
324: 108 142 166 298 375 378 410 418 518 534 550 563 600 688 865 957 958
325: 103 169 254 376 423 432 580 667 854
326: 158 260 577 610 782 841 850 909
327: 11 110 443 862
328: 2 6 42 357 390 488 580 629 837 957
329: 73 230 263 267 361 410 413 524 550 592 696 738 739 802 853 878 911 916 999
330: 125 146 152 165 285 299 404 445 479 480 516 532 562 649 717 785 816 864 937 980
331: 291 834 993
332: 141 169 177 289 330 527 701 706 745 845 862 867 883 985
333: 3 30 35 75 99 120 171 172 318 518 525 714 726 787 876 890 1000
334: 65 228 500 561 563 616
335: 1 73 80 82 168 331 334 343 397 414 528 642 663 680 691 761 835 949 991
336: 390 602 673 967 972
337: 14 75 113 243 385 388 401 426 446 657 718 854 984 987
338: 245 457 478 794 872 974
339: 242 248 263 269 431 467 624 679
340: 148 227 313 713 791 884 996
341: 33 170 198 199 244 254 272 279 280 289 298 534 695 787 836 877 878 915 986
342: 20 105 108 161 413 434 454 587 641 668 752 819 844 904 986
343: 36 236 244 319 405 480 804
344: 124 136 349 390 498 589 688 704 722 928
345: 89 330 546 622 624 719 760 847
346: 93 381 383 418 464 501 579 663 696 771
347: 90 238 300 516 645 746 798
348: 77 538 593 748 758
349: 196 403 436 569 613 626 660 799 990
350: 11 602 649 802
351: 110 875 903
352: 718 795 808 842
353: 175 277 316 329 376 709 919
354: 3 34 82 255 469 556 557 598 679 758 875 967 987
355: 134 140 145 249 266 279 369 418 788 832
356: 103 243 254 414 540 549 612 676 853 900 914
357: 88 91 93 267 322 586 674 693 721 788 828 915
358: 39 87 150 241 264 270 338 378 446 477 482 524 642 686 820 946 963 972 989
359: 106 284 299 372 408 466 504 596 669 808
360: 442 481 564 670 820 848 964
361: 132 198 228 272 525 577 668 685 700 741 884 895 984
362: 10 14 26 45 104 142 165 171 175 189 207 261 372 622 625 750 785 818 921 933
363: 81 118 346 407 453 469
364: 89 102 110 226 277 279 285 333 376 399 534 539 643 751 766 990
365: 31 53 63 106 167 172 198 203 219 310 459 548 595 742 775 780 836 841 925 996
366: 5 85 133 160 281 293 326 330 583 601 654 678 826 833 912 942 978
367: 53 117 169 190 320 536 559 571 724 731 810 831 835 850 854 874
368: 123 188 214 340 443 506 723 896 959 986
369: 69 567 836 890
370: 43 54 288 755
371: 339 397 447 494 511 636 688 710 723 835
372: 44 404 475 546 565 703 852 881 887 945
373: 1 13 37 101 102 128 137 151 324 339 477 711 798 841 870 874 893 912 924
374: 217 353 911
375: 7 144 224 243 261 380 523 545 567 611 787 894 930 943 976
376: 148 151 184 218 327 515 535 579 599 624 634 666 683 805 823 848 878 976 999
377: 108 109 116 183 253 344 347 357 383 445 521 522 637 706 726
378: 129 132 276 793 837
379: 60 88 116 204 237 365 433 649 904 932
380: 118 195 213 232 498 546 912 924
381: 34 199 238 258 297 338 441 465 607 699 707 762 781 822 897
382: 93 154 159 163 234 278 286 305 330 374 496 513 560 580 589
383: 30 45 78 119 228 237 375 425 438 475 502 592 643 661 673 897 962 977 980 986
384: 36 194 206 227 348 369 477 663 698 906 911
385: 140 163 215 409 430 508 693
386: 16 24 143 260 369 395 426 571 620 712 722 752 759 763 866 887 938 961
387: 6 10 168 226 287 303 370 444 503 606 639 648 695 876 965
388: 601 625 807 855
389: 149 264 335 375 450 541 562 622 664 670 761 901 969 977
390: 21 39 152 182 314 316 340 468 525 532 536 673 741 904 955 995
391: 93 108 210 333 447 474 537 634 645 676 741 755 765 838 921
392: 12 59 108 281 307 313 468 502 702 778 867 905 983
393: 406 641 820
394: 182 306 350 373 401 418 516 609 699 713 924
395: 118 206 279 423 450 479 507 637 687 741 798 804 823 832 874 881 966 981
396: 31 133 156 192 288 447 498 501 546 628 667 830 845 852
397: 211 308 473 494 589 658 673 841 941
398: 26 59 88 91 139 151 250 572 720 723 854 856 893 899 979
399: 178 261 282 288 294 346 380 504 553 566 660 742 745 797 890 971
400: 147 188 204 396 647 657 675 704 922
401: 15 137 353 598 865 943 989
402: 8 62 166 170 171 273 357 368 546 664 668 697 702 730 766 839 924 928 1000
403: 71 79 89 225 246 298 433 503 655 681 795
404: 126 157 164 181 364 374 580 692 978
405: 263 580 581 666 858
406: 120 201 206 370 461 780 904
407: 86 142 175 191 219 316 424 486 612 626 706 721 784 889
408: 108 328 329 404 494 587 622 745 828 836 866 916 919
409: 169 190 260 286 371 502 508 628 636 647 745 793 841 846 858 913 968
410: 20 54 127 352 513 961
411: 1 120 150 156 196 265 329 351 382 384 416 454 535 590 702 750 819 857 963 987
412: 71 76 254 289 364 367 437 468 492 627 655 672 678 788 830 905 923 955
413: 164 370 615 644 657
414: 8 145 259 305 350 515 818
415: 225 280 284 287 345 357 381 442 613 620 657 749 761 872 933 941 959 997
416: 388 410 741 801 925
417: 52 480 580 611 816 840
418: 3 18 148 188 192 201 257 380 384 501 515 602 831 849 855 860
419: 48 119 164 221 289 342 348
420: 15 207 224 522 538 643 665 735 736 767 794 943
421: 42 49 423 497 503 528 768 912
422: 44 330 372 616 685 758 803 829 834 838 841 857 869
423: 84 249 281 311 352 543 557 632 753 773 790 813 863 864 867 891 905 928 985
424: 61 164 203 448 700 883
425: 51 162 259 269 353 388 423 438 555 701 736 761 872 879 894 905
426: 86 115 191 357 397 544 635 644 645 655 680 752 754 791 798 906 919 986
427: 32 82 147 208 236 342 541 542 620 667 698 723 781 829 845 889
428: 303 360 402 758 776 844 929 941 948 991
429: 61 101 181 182 382 465 505 612 625 637 803 945
430: 229 290 834 997
431: 33 67 238 266 323 378 385 392 402 420 454 484 604 660 700 714 718 803 817 980
432: 77 240 320 661
433: 6 12 13 309 327 401 627 979
434: 253 361 387 526 576 705 888 908 966
435: 216 217 259 285 349 366 449 483 495 520 554 561 601 646 651 795 819
436: 116 165 218 246 346 391 421 590 686 830 847 881
437: 47 78 190 256 455 725 793 973
438: 355 467 826
439: 67 141 364 587 644 703 718 751 778 798 850 854 880 970
440: 20 251 286 347 495 522 600 965 997
441: 104 295 500
442: 47 206 277 316 433 539 556 666 698 778 860 897 967
443: 40 247 500 515 574 600 602 777
444: 5 32 44 79 166 356 381 449 450 479 538 549 560 576 726 803 857 922 926 991
445: 502 514 734 788
446: 5 52 196 288 365 457 546 577 579 592 690 804 808 890
447: 116 187 291 491 520 558 713
448: 238 294 558 620 707
449: 96 99 251 453 489 526 568 605 762 916 975
450: 87 153 278 336 357 477 480 778 819
451: 54 192 222 232 372 442 515 615 643 647 709 736 999
452: 48 54 120 126 154 238 321 332 353 376 414 447 515 548 590 594 830 884 895 904
453: 195 198 255 320 386 404 679
454: 25 137 236 240 257 271 276 384 428 736 813 967
455: 74 291 300 410 540 587 614 924
456: 98 222 225 270 337 678 783 848 920 952 992
457: 13 52 187 243 262 308 310 313 325 354 389 536 585 616 675 791 805 867 907 933
458: 56 93 220 308 397 416 484 585 686 698 718 750 855 957
459: 245 441 458 587 609 735 964
460: 69 85 135 176 245 291 304 467 500 516 553 559 590 612 669 715 748 806 912 965
461: 58 63 163 236 365 424 513 597 634 650 697 728 841 857 881 886
462: 22 66 79 263 266 287 292 295 302 579 608 655 672 738 763 772 780 786 992
463: 38 88 415 461 860 901 995
464: 377 727 772 938 962 995
465: 308 440 541 896
466: 11 116 306 745 936
467: 44 399 417 596 628 642 724 759 761 791 801 907
468: 70 163 208 246 331 621 641 872
469: 7 33 126 141 203 227 257 339 387 509 536 550 663 859 915 916 917
470: 139 982 998
471: 54 818 949 957
472: 56 76 126 151 216 228 229 331 562 757 789 862 879 905
473: 71 201 382 431 443 806 842 876 913 968 975
474: 417 475 485 486 538 545 571 696 998
475: 41 134 302 337 680 693 698 752 761 769 871
476: 74 128 148 197 252 359 398 418 439 441 650 692 928
477: 401 624 807
478: 106 131 180 207 218 220 244 338 368 397 403 655 659 780 781 828 958 970 988
479: 18 220 404 405 554 568 598 615 654 657 681 736 751 813 879 892
480: 72 139 334 404 486 569 585 740 763 897 946
481: 64 86 285 535 619 645 761 814 837 894 993
482: 31 120 127 138 189 241 276 473 501 583 685 790 796 829 830 875 922
483: 139 167 298 328 337 356 390 416 441 487 491 576 657 720 726 826
484: 47 58 196 405 545 706 858
485: 107 128 352 354 434 456 460 480 523 565 651 670 681 750 793 821
486: 15 16 60 156 224 413 459 510 588 598 660 724 738 901 923 993
487: 177 220 229 307 355 428 480 527 590 599 613 630 655 663 683 700 717 867 889 979
488: 218 809 967
489: 284 400 490
490: 91 103 147 180 260 298 343 447 543 687 739 924 925 930 945
491: 109 140 150 199 228 292 338 370 415 426 434 447 448 946
492: 13 17 28 68 228 256 288 299 315 484 486 661 691 725 775 860 866 913 978
493: 48 61 99 226 321 351 432 541 549 647 691 736 739 743 824
494: 128 223 237 265 314 324 575 766 831
495: 25 286 384 469 565 588 683 820 946
496: 181 306 411 562 759 855 862 919 923 957
497: 298 441 540 745 815 860
498: 93 94 228 350 356 409 622 855
499: 11 151 231 295 318 405 437 462 567 596 605 611 634 639 677 705 852 911 931
500: 27 217 261 456 475 525 635 673 847 966
501: 61 124 332 344 559 582 627 678 697 802 989
502: 18 29 170 178 182 186 189 251 273 277 487 490 612 661 813 840 943
503: 84 258 627 653 751 769 906 992
504: 27 158 292 333 340 381 493 725 898
505: 7 256 307 989
506: 89 131 215 225 233 355 364 402 476 511 523 542 605 652 683 747 816 865 881 887
507: 187 378 532 555 569 630 633 712 845 851
508: 198 648 701 847
509: 31 298 335 340 527 570 580 601 688 716 808 927 932 942 977 985
510: 10 19 123 234 245 327 351 383 428 468 562 566 571 615 672 758 784 817 942 953
511: 12 68 88 118 128 193 221 365 386 445 493 660 684 692 715 861 919 953
512: 131 214 277 311 336 454 506 636 734 744 795 842
513: 59 327 356 411 428 605 620 623 694 723 729 761
514: 7 45 47 95 243 620 675 777 781 906 996
515: 31 503 637 700 801 899 901
516: 174 281 312 331 409 603 676 836 937
517: 89 94 137 311 314 593 752 799 905 929
518: 2 71 92 286 381 589 598 607 636 829
519: 39 62 68 301 487 507 642 689 800 803 824 839
520: 169 284 354 361 364 432 658 748 761
521: 24 90 162 216 275 300 377 379 448 492 527 545 549 688 924 948
522: 28 198 717 809 964
523: 49 122 130 223 279 299 564 608 611
524: 32 117 137 183 262 643 712 731 822 943 968 1000
525: 79 173 222 304 311 573 698 874 879 912
526: 33 144 190 222 236 328 341 348 361 402 409 477 533 674 732 735 778 801 828
527: 19 105 359 458 505 643 663 672 904 912 939 959 977
528: 10 78 207 251 410
529: 7 56 446 467 606 679 754 767 941
530: 305 324 380 579 701 801 856
531: 169 249 969 974
532: 50 100 107 249 303 320 343 368 597 605 715 917 961
533: 83 183 188 566 975 996 997
534: 98 136 159 198 245 277 325 378 399 891 928 934
535: 358 493 599 848 888 967
536: 2 32 196 367 494 611 703 740
537: 166 629 764 953 975
538: 83 166 285 564 695 902 919
539: 167 260 317 352 390 593 639 672 723 767 804 984 988 995
540: 194 207 281 310 316 320 341 517 563 567 600 727 752 757 794 820 835
541: 147 246 343 411 524 727 772 991 997
542: 60 118 189 208 346 408 626 628 719 744 803 966
543: 293 321 357 560
544: 1 15 91 110 128 271 399 432 433 487 501 555 568 584 716 869
545: 55 80 89 104 119 181 182 231 329 420 429 528 564 582 660 752 781 788 885 979
546: 335 348 375 843
547: 1 8 162 187 276 472 493 549 553 672 737 768 795 796 874 896 937 992
548: 276 282 901 930
549: 139 259 349 422 488 672 818
550: 13 63 81 101 210 218 309 531 548 640 670 706 846 913 955 972
551: 50 83 159 213 254 305 306 481 554 574 705 977 989
552: 27 30 136 137 140 346 422 455 472 477 746 757 816 843 881 901 904 993
553: 267 443 451 596 615 896 951
554: 52 74 174 185 239 304 405 488 764 857
555: 28 89 180 216 345 463 476 481 485 523 536 584 615 627 750 861 954 975 997
556: 36 73 90 152 199 402 475 503 564 587 667 793 913 926
557: 106 219 283 435 486 532 537 552 691 744 746 765 779 805 842 853 958
558: 39 222 303 428 591 593 634 643 925 986
559: 26 172 260 325 929
560: 27 265 293 297 312 366 391 469 556 696 923
561: 99 170 314 403 742 823
562: 24 425 451 798 863
563: 22 70 87 127 137 214 264 387 403 498 555 620 762 851 932 939 987 993
564: 54 118 232 258 266 278 399 456 547 572 611 681 769 821 868 891 894 943
565: 95 160 244 268 297 306 344 407 435 442 517 527 544 592 719 737 745 762
566: 233 286 287 311 433 550 582 596 675 709 863 870 972 978 987
567: 477 479 627
568: 137 597 913
569: 16 232 347 385 599 637 642 645 660 673 676 685 749 794 898 909
570: 212 232 265 488 505 553 890 917 983
571: 11 74 90 212 242 272 363 375 492 665 703 718 781 877 906
572: 59 124 338 599 836
573: 112 318 441 594 595 602 636 763 810 933
574: 291 358 377 443 472 589 697 725 742 774 836 863 871
575: 51 119 177 179 237 285 369 549 590 650 936 981
576: 294 487 547 729 763 785 915 935
577: 10 79 85 160 238 583 613 639 762 955 967
578: 77 106 111 426 600 714 828
579: 6 118 217 353 567 726 747 756 776 781 844 855 935 975
580: 91 115 117 168 225 369 548 583 588 652 700 728 772 778 821 985
581: 4 261 324 330 632 645
582: 198 280 418 506 512 737
583: 15 82 117 186 229 236 305 329 333 525 598 673 701 758 874 919 938 987
584: 2 4 182 188 239 323 354 393 451 479 650 692 706 807 868 956 962 991
585: 5 133 317 541 544 581 596 607 618 698 704 745 770 795 821 835 864 866
586: 19 65 68 338 529 698 877
587: 187 192 241 288 302 322 435 502 510 553 588 634 694 779 785 850 882 918
588: 210 256 338 573 641 647 835
589: 127 576 778
590: 112 133 189 269 339 360 464 486 743 820 832 850 892
591: 44 138 247 301 450 468 491 607 703 820 894 923 935
592: 109 173 184 344 391 468 471 520 645 652 664 670 766 811 886 918 976 980
593: 36 84 104 113 195 215 263 649 726 728 757 780 822 855
594: 123 228 261 310 385 406 420 426 442 627 691 819 853 857 899 945 992
595: 14 89 113 121 169 173 402 406 484 519 556 611 703 972
596: 199 255 269 354 477
597: 90 147 234 284 300 304 409 559 588 718 730 764 806 824 835 916
598: 4 89 112 188 206 253 405 444 461 528 553 575 798 818 829
599: 23 77 85 113 336 418 426 484 615 691 743 760 764 882
600: 168 207 711 755 814
601: 125 153 227 406 935
602: 73 100 164 556 588 607 627 764 775 787 860 923
603: 164 244 482 824 975
604: 39 124 202 298 344 380 490 551 567 600 661 742 784 790 876 905 951 968
605: 76 271 707 971
606: 193 265 288 631 669
607: 30 91 161 189 214 227 261 292 339 344 601 674 717 724 753 762 902
608: 85 304 358 545 571 672 688 907 960 970 995 1000
609: 6 186 211 281 852 856
610: 103 286 298 457 462 564 581 743 909
611: 101 137 148 170 275 300 393 473 579 659 678 717 751 782 806 845 858 911 968
612: 8 16 198 384 406 450 452 509 520 529 806 880 909 952 980 983 995
613: 41 87 96 142 206 233 281 305 466 495 496 546 615 697 712 762 771 800 852 966
614: 78 136 197 280 292 314 315 327 501 516 532 617 655 736 744 767 875 991
615: 47 87 131 245 267 291 296 352 438 440 557 559 583 607 772 819 880 886 920
616: 411 486 645 660 688 772 893
617: 90 178 214 286 294 356 454
618: 87 271 433 631 733 804 898
619: 12 60 301 481 679 765
620: 132 187 271 630 722 762 880 895 930
621: 127 264 752 803 902 930
622: 38 77 412 464 801 852 931
623: 161 166 178 347 392 404 510 552 589 619 640 697 712 725 733 748 766 817 892
624: 95 656 803 938
625: 327 575 688 762 874 965
626: 113 405 606 667 738 806 893
627: 25 217 244 250 352 374 665 680 703 747 807 865
628: 205 499 553 556 835 998
629: 143 272 555 568 574 765 771
630: 25 132 139 155 180 194 286 324 354 373 453 458 476 552 637 700 829 934 942 972
631: 111 130 251 392 766 787
632: 122 136 352 410 548 658 677 687 799 811 872 918 933
633: 62 154 243 259 290 579 588 623 667 773 855 948
634: 4 84 357 391 536 594 729 747 749 784 885
635: 58 112 189 327 477 577 592 631 637 653 817 835 862 995
636: 124 296 452 573 678
637: 17 158 239 385 772 785 867 964
638: 247 350 381 564 624 967
639: 27 110 137 330 331 477 509 539 569 577 638 926 939
640: 19 82 141 493 498 602 674 753 822
641: 76 94 107 143 146 220 280 287 390 445 470 544 556 565 583 830 839 844 895 960
642: 171 174 288 293 395 584 744 750 793 910
643: 179 269 271 409 617 804
644: 22 69 81 579 600 612 632 643 679 722 737 739 753 765 806
645: 25 38 107 298 299 311 438 498 591 651 665 768 864 923 944
646: 81 87 90 147 511 626 635 654 764 771 811 820
647: 416 682 720 756
648: 42 171 204 214 228 274 296 355 417 430 499 518 594 683 747 771 817 861 908
649: 61 131 265 342 442 673 682 699 703 861 945
650: 250 386 565 703 774 896 920
651: 105 161 458 851 871 984
652: 79 344 681 699 946
653: 28 220 271 536 548 620 623 697 751 769 792 806 880 912
654: 307 437 582 590 699 893
655: 8 28 71 90 157 369 424 443 452 462 471 500 586 628 713 761 830 878 883 940
656: 37 226 428 491 510 528 561 577 594 631 806 847 876 1000
657: 90 107 191 195 202 286 318 383 388 391 396 596 692 708 824 845 882 923 924
658: 42 109 172 185 329 773 826
659: 31 33 142 175 188 256 293 362 441 458 506 518 569 690 819 820 858 875 899
660: 194 204 330 339 348 536 751 860 873 894 964
661: 64 141 181 202 211 240 345 587 602 712 758 798 813 828 848 860 879 912 987 1000
662: 384 390 417 451 712 759 778 793 886 928
663: 68 121 168 368 378 389 432 447 563 598 685 702 890 924
664: 31 81 185 342 422 472 546 594 613 665 667 706 731 792 896 938 971
665: 16 37 159 198 251 331 356 518 538 554 616 621 689 720 753 820 878
666: 117 239 459
667: 22 208 218 305 343 359 384 385 428 449 462 500 520 526 535 685 764 805 892
668: 8 179 273 274 321 330 396 535
669: 38 43 152 246 414 544 592 691 779
670: 237 263 304 332 373 494 549 559 605 606 622 628 640 655 733 756 763 791 877
671: 13 69 114 127 267 284 301 586 708 733 871 890 938
672: 200 222 228 256 336 449 615 693 695 700 723 827 948 995
673: 14 28 33 180 447 512
674: 69 148 290 295 313 406 684
675: 34 230 295 312 350 371 487 495 634 672 750 762 822 863 947 957
676: 13 101 103 121 173 289 325 429 487 631 708 712 765 786 923 932 940 953
677: 10 65 736 975
678: 179 193 206 241 291 309 328 413 450 462 476 496 540 545 602 698 848 910 952
679: 3 120 136 158 191 197 249 308 364 389 477 499 595 695 710 734 907 912 939
680: 86 278 285 371 483 591 592 643 689 746 762 820 832 858
681: 187 321 371 994
682: 367 368 756
683: 183 216 368 371 620 897 907
684: 5 13 90 266 289 388 465 598 642 718 845 886 977 993
685: 66 103 259 261 467 539 679 782 787 828 913 946
686: 46 135 539 858 902
687: 196 534 630 680 826 945
688: 574 581 594 600 661 701 925
689: 397 488 770 860 934 969
690: 169 180 215 226 239 246 248 270 293 373 411 461 550 567 649 795 911 969 988
691: 115 563 586 646 761 762 814 863 864 902 981 994
692: 58 276 388 501 710 741
693: 171 343 640 780 836 946
694: 7 180 292 302 660 726 835 870 871
695: 69 111 135 188 211 312 643 741 847 848 918
696: 226 432 760
697: 16 61 160 358 431 509 552 581 661 716
698: 27 138 335 686 873
699: 82 189 239 306 385 452 476 505 551 562 566 598 700 817 925 952 959 993
700: 155 191 262 271 279 334 458 536 560 766 780 795 817
701: 65 80 105 409 471 497 500 524 572 739 920 981
702: 11 32 96 190 355 387 408 431 492 593 623 670 797 884 897 904
703: 1 51 66 232 267 285 291 302 681 827 943
704: 24 310 444 472 567 664 697 738 808 841 888 992
705: 189 365 525 565 803 993
706: 127 201 515 838 844 954
707: 44 146 191 227 723 805
708: 359 427 780 858
709: 41 70 114 131 270 294 367 379 415 481 500 664 743 765 783 805 856 910
710: 103 200 424 453 541 684
711: 25 55 254 281 374 467 506 519 600 704 817
712: 49 190 270 311 356 414 546 555 625 723 734 762 818 872 936 960 976
713: 31 102 173 179 214 342 490 498 529 690 905 960
714: 9 11 105 226 296 340 432 445 488 582 627 632 887 897 997
715: 7 67 114 228 236 264 313 324 371 453 723 727 735 739 772 865 945 949
716: 1 195 289 316 319 448 452 488 856
717: 87 149 153 450 453 475 704 732 749 978
718: 51 115 183 195 198 253 333 365 384 386 428 684 773 833 856 900 917 965 970 994
719: 96 116 435 454 790
720: 72 84 148 185 272 329 456 532 560 660 680
721: 71 112 244 255 273 424 448 462 477 492 606 612 681 768 792 915
722: 127 489 534 923
723: 7 36 159 471 527 538 605 817 854 860 861 862 948 981
724: 108 262 407 549 563
725: 42 207 316
726: 168 380 456 552 658 735
727: 16 116 136 199 252 270 353 370 536 595 605 704 863
728: 75 117 362 403 573 605 612 721 771 808 830 868 870 885 967 993 997
729: 253 352 561 582 692 708 741 776 904 945
730: 137 160 221 519 576 586 630
731: 279 408 833
732: 102 130 287 543 579 618 770 833
733: 224 262 346 415 440 690 708 826 833
734: 56 97 108 129 149 183 331 354 358 471 503 507 607 713 750 764 857 908 909
735: 20 83 327 351 462 466 564 605 670 700 708 820 838 887 930 947 956 978
736: 232 245 264 270 291 342 416 513 558 629 890 909
737: 261 295 435 634 777
738: 555 824 933
739: 8 187 260 276 355 361 661 962
740: 26 387 424 461 501 564 623 945 973
741: 176 191 218 518 652 827
742: 63 94 227 286 351 429 466 605 623 643 667 709 803 880
743: 40 41 81 117 206 215 320 369 417 430 550 634 828 888
744: 176 220 389 436 602 618 674 896 916
745: 18 108 133 158 326 349 428 582 746 795 846 936 996
746: 107 115 118 130 268 276 411 464 484 602 726 747 793 804 830 846 883 967 980
747: 95 99 124 238 461 513 640 657 827
748: 92 104 224 228 397 416 688 762 826 958
749: 37 286 475 703 874 943
750: 162 280 316 353 870
751: 122 133 146 198 213 572 612 660 668 679 681 819 838 844
752: 31 107 179 203 223 265 339 494 541 741 853 926 945
753: 91 95 246 316 337 338 550 569 570 655 656 769 848 920 942
754: 5 32 203 263 284 303 339 358 452 454 529 540 559 712 743 752 773 774 921
755: 80 223 286 347 353 367 383 431 450 534 594 690 701 877
756: 84 169 184 237 363 481 587 691 705 751 779 939 977
757: 168 247 353 424 810 908
758: 29 93 215 217 245 324 369 598 611 624 697 737 999
759: 147 153 295 318 338 484 549 635 649 663 713 740 760 838 868 966
760: 21 244 250 269 281 862
761: 151 477 514 533 750
762: 76 192 846 888
763: 1 66 172 224 325 442 532 574 595 706 777 832 844 872 939 959 965
764: 91 217 229 327 349 461
765: 60 79 130 133 186 210 300 392 466 494 531 649 733 799 809 817 844 892 940
766: 26 88 100 199 209 423 582 613 637 822 927 930 955
767: 65 73 122 166 278 283 365 390 488 507 551 595 607 677 693 701 770 867 922
768: 190 373 841
769: 282 386 533 749 865
770: 110 333 391 442 529 646 647 788 806 829 926
771: 1 248 262 446 527 555 606 990
772: 6 284 365 408 545 610 624 691 723 892 962
773: 90 101 112 149 260 273 310 563 620 659 764 855 916 945 992 995
774: 32 75 171 324 406 541 572 736 745 767 822
775: 316 404 787 793
776: 135 248 483 596 644 720 877 878
777: 27 150 201 454 894
778: 14 20 196 233 307 321 441 444 496 881 905 962
779: 38 78 225 246 301 305 386 563 584 629 662 667 714 825 921 943 969
780: 360 384 547 934
781: 234 639 730 852 905 920 942 952
782: 87 202 208 236 322 371 501 532 548 645 733 753 912 933
783: 522 584 922 947 971
784: 276 369 381 469 708 735 810 864 867 874 982
785: 37 209 253 298 300 459 496 524 656 686 729
786: 50 120 212 239 257 276 279 384 450 617 844 853 881 986
787: 1 215 261 284 539 604 708 986
788: 79 127 222 356 439 489 545 569 579 728 754 761 782 791 805 829 881 938 942
789: 37 99 150 167 191 301 324 335 360 487 579 596 622 692 776 779 833
790: 105 219 754 904 905
791: 148 174 314 359 449 495 510 512 555 644 699 795 798 843 906
792: 160 412 429
793: 6 145 256 278 317 350 375 488 653 678 703 714 720 779 800 961 991
794: 115 479 482 508 566 704 784 847 851 901
795: 156 240 271 274 311 429 462 552 615 746 753 967
796: 124 136 156 279 359 447 449 450 533 553 588 590 657 701 735 826
797: 64 96 185 373 384 435 475 567 722 733 742 754 825 917 948
798: 46 94 111 150 226 292 318 344 416 490 684 710 752 854 940 941
799: 79 282 380 572 616 620 673 730 873 884
800: 123 179 197 284 311 313 446 554 574 663 713 762 791 893 916
801: 22 97 161 256 381 387 403 405 474 480 562 631 677 741 844 851
802: 24 89 103 152 178 245 256 260 318 334 510 516 580 591 624 662 872
803: 2 25 229 289 483 490 523 581 583 619 815 924
804: 19 83 226 299 399 410 665 798
805: 72 104 141 151 163 208 216 246 247 288 590 627 670 748 781 951 994
806: 22 98 213 274 281 418 425 479 492 538 577 608 837 870 885
807: 41 73 210 225 300 320 351 405 513 524 605 630 737 828 858 929 932 935 957
808: 27 124 189 258 287 532 567 685 720 785 818 820 898
809: 310 436 438 561 626 684 714 912 918
810: 73 150 166 193 214 230 394 461 520 592 621 630 662 686 788 807
811: 218 506 659
812: 60 96 130 147 169 211 289 377 403 587 660 703 711 715 723 827 953 962
813: 195 323 910
814: 36 241 258 339 369 492 493 543 592 637 661 830 921 947 992
815: 31 38 42 58 202 330 337 477 678 759 911
816: 334 354 408 413 501 531 577 605 611 642 649 657 726 803 892 895 964
817: 24 128 295 323 455 470 474 673 703 856 894
818: 87 255 282 586 606 632 716 717 774 788 804 839 948 961
819: 34 104 209 455 467 764 781 805 956
820: 133 157 213 219 567 612 631 767 779
821: 54 67 427 430 480 521 612 769
822: 33 66 100 309 323 412 431 540 707 745 779 885
823: 15 39 245 341 546 579 621 684 725 903 950 979
824: 130 380 632 828 880 883
825: 46 111 130 191 203 369 422 592 607 653 660 672 679 712 720 763 780 832 951
826: 59 258 259 265 331 365 442 475 506 512 525 716 735 761 819 908 947 993
827: 20 109 132 253 259 297 402 405 412 417 508 650 733 762 984
828: 5 36 159 180 297 572 654 713 721 781 791 809 906
829: 209 349 445 537 639 672 744 800 844 900 938 964 965 988
830: 32 93 193 259 303 382 386 418 625 634 679 686 803 808 866 951
831: 362 393 672 924
832: 1 18 214 413 419 420 421 437 516 561 566 575 603 729 778 830
833: 30 60 310 462 675 851 1000
834: 94 242 254 363 368 415 482 589 596 733 736 784 792 869 967 971 992
835: 14 43 45 201 262 318 386 447 469 489 523 540 562 568 580 677 785 827
836: 116 354 481 608
837: 8 75 259 287 368 400 476 687 719 749 777 786 804 835 848 886 923 970
838: 104 233 533 592 771 934
839: 214 268 285 460 533 610 666 678 703 828 874 909 982
840: 36 52 103 181 183 305 526 563 610 739 763 764 803 855 874 898 927 947
841: 58 156 360 476 855 966
842: 37 107 199 276 326 357 399 460 579 704 755 881 938 962 1000
843: 6 98 252 365 459 826
844: 30 62 64 427 455 461 508 553 578 589 590 674 794 868
845: 14 115 128 279 411 679
846: 5 53 56 65 138 257 277 454 486 523 601 625 808 822 913 916
847: 61 196 295 354 403 604 885
848: 60 258 303 336 339 399 436 695 739 777 780 843 888 891 925 939 982
849: 35 295 403 427 873
850: 23 112 113 213 314 333 522 527 565 716 719 740 743 785 827 847 945 951 975
851: 322 404 451 628 721
852: 3 15 29 68 77 127 253 278 422 484 533 542 552 780 909 913 967 1000
853: 90 93 108 201 254 268 297 314 366 412 635 673 854 855 904 939 959 985
854: 65 170 180 244 368 413 483 651 662 712 770 913 955 970
855: 51 604 954
856: 126 314 816 902 997
857: 162 168 280 295 377 442 475 567 568 590 773 807 925 926 954 961
858: 52 172 270 276 301 356 402 457 506 624 672 751 774 782 825 839 873 936 992
859: 4 62 89 134 137 241 265 295 312 337 395 656 658 748 795 806 882 979
860: 117 159 202 210 260 319 332 357 462 473 502 584 586 606 630 631 698 767 918 925
861: 3 62 107 161 302 358 508 705 737 860 977
862: 168 330 374 387 405 588 616 650 759 787 993
863: 68 94 223 237 248 350 395 440 492 517 600 651 657 718 857
864: 121 494 582 952
865: 9 73 122 161 360 370 386 659 744 748 827 880
866: 28 480 638 658 708 996
867: 54 73 206 242 365 463 526 547 554 558 620 911 965
868: 53 302 425 489 590 619
869: 21 555 654
870: 22 60 70 155 198 242 429 492 528 781 813 894 897
871: 5 215 228 233 560
872: 84 104 110 158 203 206 284 331 376 528 536 561 626 720 789 808 828 920 935
873: 176 256 298 448 731 788
874: 131 166 169 173 289 396 406 613 784 799 815 909 917
875: 183 256 977
876: 35 115 122 220 287 319 333 350 484 785 924 930 931 996
877: 15 43 51 208 219 272 274 381 433 441 516 552 772 890
878: 170 202 208 244 421 484 540 632 635 696
879: 365 557 878 888
880: 65 204 217 227 305 340 464 547 634 693 702 735 758 797 861 873 907 928 984
881: 2 62 97 207 275 339 392 404 418 449 733 840 860 937 996
882: 160 163 165 181 255 257 297 326 361 474 565 610 614 647 750 792 873 874 977
883: 137 345 388 406 568 583 821 875
884: 154 169 179 316 383 387 471 682 708 753 794 865 952 954 985
885: 145 160 186 241 293 308 537 562 596 692 702 730 772 782 954 967
886: 18 83 237 240 359 367 562 566 616 685 727 738 746 862 945 973
887: 106 114 143 199 316 534 662 663 972 973 1000
888: 20 122 278 283 306 427 486 674 755
889: 46 450 532 881
890: 125 158 455 555 568 657 686 697 722 727 824 829 870 974
891: 12 73 208 278 348 587 672 706 722 798 990
892: 52 350 351 718 841 846
893: 52 175 237 253 275 522 872 950 989
894: 3 340 425 521 534 638 673 789 821 932 993
895: 18 27 62 200 227 261 287 290 568 695
896: 118 435 551
897: 13 20 124 289 300 316 426 539 552 620 625 628 724 800 932
898: 86 88 106 157 280 299 318 367 379 428 494 626 662 679 725 956 960
899: 310 345 422 555 594 657 744
900: 84 742 911
901: 38 56 64 180 341 671 683 728 742 757 832 861
902: 15 28 55 173 231 263 264 334 365 390 452 491 568 616 676 680 802 871
903: 92 152 171 206 208 362 635 673 699 778 839 921 952 998
904: 91 110 195 406 490 552 796 881 940
905: 23 100 109 140 165 196 222 268 274 285 312 319 461 522 601 663 717 741 753 892
906: 11 29 83 140 150 182 251 447 527 554 623 634 716 749 868 870 873 929 979
907: 51 89 458 477 653 839 894 904
908: 491 520 554 806
909: 129 227 910 919
910: 289 442 536 576 577 616 654 726 767 963 999
911: 18 22 99 135 169 306 345 355 387 410 451 540 543 664 695 707 880 890 923
912: 147 149 188 192 382 388 517 538 637 806 865 942
913: 69 314 1000
914: 85 87 209 326 334 369 371 584 654 655 670 745 748 753 774 797 815 890 937 972
915: 387 611 792
916: 8 135 163 247 317 367 401 453 478 506 584 594 705 733 767 847 868 869 973 995
917: 38 70 109 242 256 292 385 524 647 777 832 950
918: 1 65 84 115 145 151 207 263 269 271 328 350 392 470 485 569 685 753 827 926
919: 52 234 349 700 863
920: 254 498 500 522 647 978
921: 80 109 139 172 217 238 320 347 590 760 786 804 815 910 965 1000
922: 9 293 396 729 811 816 855
923: 52 99 137 181 228 526 548 583 595
924: 90 178 186 525 623 801 853 878 895 930 972
925: 57 98 174 180 265 346 361 441 547 606 608 701 705 744 791
926: 73 202 211 261 290 352 698 801 898
927: 94 117 127 159 160 345 379 483 660 777 865 924 939 953
928: 13 18 208 215 501 520 581 802 889
929: 288 472 685 800 892
930: 191 549 626 661 696 841 917 938
931: 3 19 82 127 149 174 257 269 322 382 518 571 611 617 681 712 770 795 833
932: 46 67 211 228 237 250 292 338 563 640 655 696 734 801 803 836 837 887
933: 357 501 943
934: 34 117 210 329 483 670 685 951
935: 39 102 210 351 618 721 766 906
936: 8 26 36 97 157 292 315 317 343 350 485 893
937: 103 846 931 958
938: 69 92 291 331 344 481 666 681 721 761 788 868 898
939: 48 302 399 403 457 470 478 598 702 940
940: 22 92 141 189 250 523 596 628 664 897 929
941: 216 257 360 702 799 953
942: 71 198 221 249 327 456 626 649 661 836 847 887 991
943: 31 48 82 125 144 185 244 273 379 489 517 611 618 698 716 777 855 860 870 909
944: 161 336 409 458 497 566 673 783 852 953 974
945: 71 252 300 334 378 394 832 877 895
946: 76 253 308 332 384 416 470 529 544 571 610 629 820 921 939 993 999
947: 38 49 59 129 174 189 428 467 566 688 694 770 820
948: 227 280 282 314 321 385 552 583 611 666 803 812 828 857 940 945 967 992
949: 21 39 255 264 312 417 490 670 738 751
950: 11 172 206 287 384 412 421 448 544 561 907 980
951: 115 241 245 464 490 491 588 694 734 764 888 962 998
952: 11 215 239 502 553 635 730 732 788 976 1000
953: 193 271 459 486 569 660 710 716 733 771 807
954: 65 216 269 388 432 516 659 720 791 850 883
955: 86 126 227 271 314 348 539 557 586 647 651 762 796 854 922 970 995
956: 25 80 132 160 167 202 211 222 267 361 386 443 487 513 568 639 688 759 824 912
957: 8 22 56 221 320 352 651 712 775 795
958: 41 88 128 135 138 154 346 379 395 495 508 618 634 714 810 846 883 911
959: 34 62 70 120 146 184 271 333 381 465 504 566 567 702 711 735 837 978
960: 192 266 355 394 406 727 799 963 985
961: 125 220 230 260 263 609 620 861 964
962: 236 285 335 423 453 465 475 477 816 940 952
963: 116 343 370 377 411 421 473 481 619 644 656 773 950
964: 22 28 202 236 328 443 448 508 610 648 842 875 924
965: 146 270 335 436 493 647 847
966: 17 92 357 397 709 728 738 802 867 957 958 963 970
967: 37 195 201 331 343 430 447 459 540 589 708
968: 16 195 245 249 266 379 630 639 689 702 753 804 912
969: 15 113 114 458 606 639 968
970: 24 30 236 278 664 678 783 848 911 918 931
971: 262 663 858 974
972: 276 489 640 739 976 982
973: 19 32 53 124 252 402 572 725 769 843 893 943
974: 43 152 216 242 298 548 578 635 996
975: 50 252 377 430 519 559 643 807 812 890 994
976: 86 213 242 292 490
977: 54 169 180 243 404 495 550 603 744 757 784 790 803 951
978: 198 222 332 644 682 733
979: 16 54 90 97 207 383 452 485 648 737 748 759 787 846
980: 126 138 364 542 551 568 571 573 697 828 841 957 964
981: 118 150 162 171 273 348 354 383 431 478 526 533 564 648 676 691 914 918 927
982: 20 197 357 553 600 631 633 682 749 799 842 981 984
983: 26 90 288 295 356 701 763 877 907
984: 101 161 277 395 670 671 726
985: 82 655 995
986: 173 184 204 233 694 707 710 836 843 989
987: 119 153 193 336 455 532 627 640 667 822 824 835 935
988: 10 408 718 852 872 940 964 985 986
989: 317 321 333 523 529 607 707 815 816 817 827 828 830 842 998
990: 162 176 192 222 343 580 638 648 663 787 920 994
991: 14 72 224 244 265 371 383 453 556 629 630 660 802 811 892 900 944 968 970 986
992: 157 327 368 819
993: 19 149 199 260 273 290 389 397 407 625 733 826 849 859 965
994: 8 233 256 275 365 369 488 518 617 679 773 806 846 853 929 961
995: 165 246 269 718 764 874 987
996: 98 249 347 387 489 495 500 588 674 730 784 793 918 982 999
997: 205 239 259 465 631 786 872 873 889 907
998: 168 211 400 417 456 470 489 649 663 683 757 767 835
999: 108 259 539 734
1000: 123 798 814 957
